0.000000000000000000e+00
2.673796791443850112e-03
6.684491978609625497e-03
9.358288770053475175e-03
1.470588235294117627e-02
1.470588235294117627e-02
1.470588235294117627e-02
1.470588235294117627e-02
2.005347593582887736e-02
2.005347593582887736e-02
2.005347593582887736e-02
2.139037433155080090e-02
2.139037433155080090e-02
2.406417112299465144e-02
2.406417112299465144e-02
2.540106951871657845e-02
3.074866310160427954e-02
3.074866310160427954e-02
3.208556149732620655e-02
3.208556149732620655e-02
3.743315508021390070e-02
4.144385026737967825e-02
4.144385026737967825e-02
4.411764705882353227e-02
4.411764705882353227e-02
4.545454545454545581e-02
4.812834224598930288e-02
5.080213903743315690e-02
5.614973262032085799e-02
5.614973262032085799e-02
5.748663101604278153e-02
6.417112299465241310e-02
6.684491978609626017e-02
7.085561497326203773e-02
7.620320855614973188e-02
7.754010695187166236e-02
7.887700534759357895e-02
8.021390374331550943e-02
8.021390374331550943e-02
8.556149732620320358e-02
8.556149732620320358e-02
9.491978609625668917e-02
9.759358288770053624e-02
9.893048128342246672e-02
1.029411764705882304e-01
1.029411764705882304e-01
1.056149732620320914e-01
1.069518716577540079e-01
1.069518716577540079e-01
1.082887700534759384e-01
1.136363636363636326e-01
1.163101604278074935e-01
1.189839572192513406e-01
1.189839572192513406e-01
1.203208556149732572e-01
1.203208556149732572e-01
1.216577540106951877e-01
1.256684491978609652e-01
1.310160427807486594e-01
1.363636363636363535e-01
1.377005347593582840e-01
1.403743315508021450e-01
1.430481283422459782e-01
1.457219251336898391e-01
1.483957219251337001e-01
1.497326203208556028e-01
1.564171122994652274e-01
1.604278074866310189e-01
1.617647058823529493e-01
1.617647058823529493e-01
1.631016042780748798e-01
1.631016042780748798e-01
1.631016042780748798e-01
1.657754010695187130e-01
1.737967914438502681e-01
1.751336898395721986e-01
1.751336898395721986e-01
1.764705882352941291e-01
1.778074866310160318e-01
1.778074866310160318e-01
1.804812834224598928e-01
1.818181818181818232e-01
1.898395721925133783e-01
2.098930481283422522e-01
2.098930481283422522e-01
2.125668449197860854e-01
2.179144385026738073e-01
2.205882352941176405e-01
2.232620320855615015e-01
2.232620320855615015e-01
2.272727272727272652e-01
2.286096256684491956e-01
2.312834224598930566e-01
2.352941176470588203e-01
2.379679144385026812e-01
2.379679144385026812e-01
2.406417112299465144e-01
2.433155080213903754e-01
2.433155080213903754e-01
2.446524064171123058e-01
2.446524064171123058e-01
2.446524064171123058e-01
2.459893048128342363e-01
2.540106951871657914e-01
2.566844919786096524e-01
2.580213903743315274e-01
2.580213903743315274e-01
2.593582887700534578e-01
2.606951871657753883e-01
2.606951871657753883e-01
2.620320855614973188e-01
2.660427807486631102e-01
2.794117647058823595e-01
2.807486631016042899e-01
2.834224598930481509e-01
2.874331550802138868e-01
2.954545454545454697e-01
2.967914438502674002e-01
2.967914438502674002e-01
2.981283422459893306e-01
3.008021390374331361e-01
3.034759358288769970e-01
3.088235294117647189e-01
3.088235294117647189e-01
3.114973262032085799e-01
3.114973262032085799e-01
3.141711229946523853e-01
3.141711229946523853e-01
3.168449197860962463e-01
3.195187165775401072e-01
3.235294117647058987e-01
3.275401069518716346e-01
3.288770053475935651e-01
3.315508021390374260e-01
3.315508021390374260e-01
3.328877005347593565e-01
3.382352941176470784e-01
3.382352941176470784e-01
3.395721925133690089e-01
3.395721925133690089e-01
3.395721925133690089e-01
3.409090909090908839e-01
3.449197860962566753e-01
3.449197860962566753e-01
3.449197860962566753e-01
3.475935828877005362e-01
3.489304812834224667e-01
3.529411764705882582e-01
3.529411764705882582e-01
3.542780748663101331e-01
3.556149732620320636e-01
3.569518716577539941e-01
3.636363636363636465e-01
3.689839572192513129e-01
3.716577540106951738e-01
3.770053475935828957e-01
3.810160427807486871e-01
3.836898395721924926e-01
3.863636363636363535e-01
3.903743315508021450e-01
3.930481283422460059e-01
3.943850267379679364e-01
4.024064171122994638e-01
4.064171122994652552e-01
4.090909090909091161e-01
4.090909090909091161e-01
4.104278074866309911e-01
4.131016042780748521e-01
4.144385026737967825e-01
4.144385026737967825e-01
4.157754010695187130e-01
4.171122994652406435e-01
4.184491978609625740e-01
4.224598930481283654e-01
4.237967914438502404e-01
4.237967914438502404e-01
4.264705882352941013e-01
4.264705882352941013e-01
4.304812834224598928e-01
4.358288770053476147e-01
4.385026737967914201e-01
4.398395721925133506e-01
4.398395721925133506e-01
4.491978609625668639e-01
4.518716577540106694e-01
4.518716577540106694e-01
4.545454545454545303e-01
4.558823529411764608e-01
4.585561497326203217e-01
4.598930481283422522e-01
4.625668449197861132e-01
4.625668449197861132e-01
4.665775401069518491e-01
4.692513368983957101e-01
4.705882352941176405e-01
4.705882352941176405e-01
4.719251336898395710e-01
4.719251336898395710e-01
4.732620320855615015e-01
4.759358288770053624e-01
4.959893048128342086e-01
4.959893048128342086e-01
5.000000000000000000e-01
5.053475935828877219e-01
5.053475935828877219e-01
5.066844919786096524e-01
5.066844919786096524e-01
5.080213903743315829e-01
5.133689839572193048e-01
5.160427807486630547e-01
5.213903743315507766e-01
5.213903743315507766e-01
5.240641711229946376e-01
5.254010695187165680e-01
5.280748663101604290e-01
5.334224598930481509e-01
5.334224598930481509e-01
5.347593582887700814e-01
5.414438502673797338e-01
5.481283422459892751e-01
5.481283422459892751e-01
5.521390374331550666e-01
5.534759358288769970e-01
5.534759358288769970e-01
5.561497326203208580e-01
5.601604278074866494e-01
5.628342245989305104e-01
5.681818181818182323e-01
5.708556149732619822e-01
5.735294117647058432e-01
5.762032085561497041e-01
5.788770053475935651e-01
5.788770053475935651e-01
5.815508021390374260e-01
5.815508021390374260e-01
5.842245989304812870e-01
5.855614973262032175e-01
5.855614973262032175e-01
5.868983957219251479e-01
5.922459893048128698e-01
5.935828877005348003e-01
5.935828877005348003e-01
5.975935828877004807e-01
5.989304812834224112e-01
6.016042780748662722e-01
6.029411764705882026e-01
6.056149732620320636e-01
6.069518716577539941e-01
6.136363636363636465e-01
6.149732620320855769e-01
6.149732620320855769e-01
6.163101604278075074e-01
6.163101604278075074e-01
6.176470588235294379e-01
6.229946524064171598e-01
6.229946524064171598e-01
6.283422459893047707e-01
6.323529411764705621e-01
6.350267379679144231e-01
6.604278074866309911e-01
6.644385026737967825e-01
6.697860962566845044e-01
6.711229946524064349e-01
6.764705882352941568e-01
6.778074866310160873e-01
6.791443850267380178e-01
6.804812834224599483e-01
6.831550802139036982e-01
6.885026737967914201e-01
6.911764705882352811e-01
6.938502673796791420e-01
6.965240641711230030e-01
7.005347593582887944e-01
7.058823529411765163e-01
7.112299465240641272e-01
7.419786096256684171e-01
1.000000000000000000e+00
0.000000000000000000e+00
0.000000000000000000e+00
0.000000000000000000e+00
0.000000000000000000e+00
0.000000000000000000e+00
3.968253968253968034e-03
1.190476190476190410e-02
1.587301587301587213e-02
1.587301587301587213e-02
3.174603174603174427e-02
3.968253968253968034e-02
3.968253968253968034e-02
4.761904761904761640e-02
4.761904761904761640e-02
5.158730158730158444e-02
5.158730158730158444e-02
5.158730158730158444e-02
5.555555555555555247e-02
5.555555555555555247e-02
6.746031746031745657e-02
6.746031746031745657e-02
6.746031746031745657e-02
7.142857142857142461e-02
7.539682539682539264e-02
8.333333333333332871e-02
8.333333333333332871e-02
8.333333333333332871e-02
9.126984126984126477e-02
9.126984126984126477e-02
9.523809523809523281e-02
1.111111111111111049e-01
1.111111111111111049e-01
1.190476190476190410e-01
1.190476190476190410e-01
1.269841269841269771e-01
1.269841269841269771e-01
1.309523809523809590e-01
1.388888888888888951e-01
1.428571428571428492e-01
1.428571428571428492e-01
1.468253968253968311e-01
1.547619047619047672e-01
1.547619047619047672e-01
1.587301587301587213e-01
1.587301587301587213e-01
1.626984126984127033e-01
1.626984126984127033e-01
1.666666666666666574e-01
1.706349206349206393e-01
1.706349206349206393e-01
1.706349206349206393e-01
1.706349206349206393e-01
1.706349206349206393e-01
1.785714285714285754e-01
1.785714285714285754e-01
1.865079365079365115e-01
1.904761904761904656e-01
1.904761904761904656e-01
2.063492063492063378e-01
2.063492063492063378e-01
2.063492063492063378e-01
2.103174603174603197e-01
2.103174603174603197e-01
2.182539682539682557e-01
2.182539682539682557e-01
2.261904761904761918e-01
2.341269841269841279e-01
2.380952380952380820e-01
2.380952380952380820e-01
2.460317460317460181e-01
2.460317460317460181e-01
2.500000000000000000e-01
2.698412698412698263e-01
2.698412698412698263e-01
2.698412698412698263e-01
2.698412698412698263e-01
2.936507936507936622e-01
2.976190476190476164e-01
2.976190476190476164e-01
3.055555555555555802e-01
3.055555555555555802e-01
3.055555555555555802e-01
3.055555555555555802e-01
3.095238095238095344e-01
3.214285714285714524e-01
3.214285714285714524e-01
3.253968253968254065e-01
3.253968253968254065e-01
3.253968253968254065e-01
3.293650793650793607e-01
3.373015873015873245e-01
3.412698412698412787e-01
3.412698412698412787e-01
3.412698412698412787e-01
3.492063492063491870e-01
3.571428571428571508e-01
3.571428571428571508e-01
3.571428571428571508e-01
3.730158730158730229e-01
3.809523809523809312e-01
3.849206349206349409e-01
4.007936507936508130e-01
4.047619047619047672e-01
4.047619047619047672e-01
4.047619047619047672e-01
4.047619047619047672e-01
4.126984126984126755e-01
4.166666666666666852e-01
4.166666666666666852e-01
4.206349206349206393e-01
4.246031746031745935e-01
4.246031746031745935e-01
4.325396825396825573e-01
4.325396825396825573e-01
4.325396825396825573e-01
4.325396825396825573e-01
4.325396825396825573e-01
4.325396825396825573e-01
4.404761904761904656e-01
4.404761904761904656e-01
4.404761904761904656e-01
4.404761904761904656e-01
4.404761904761904656e-01
4.444444444444444198e-01
4.444444444444444198e-01
4.563492063492063378e-01
4.563492063492063378e-01
4.603174603174602919e-01
4.603174603174602919e-01
4.682539682539682557e-01
4.682539682539682557e-01
4.682539682539682557e-01
4.682539682539682557e-01
4.722222222222222099e-01
4.761904761904761640e-01
4.761904761904761640e-01
4.761904761904761640e-01
4.801587301587301737e-01
4.801587301587301737e-01
4.880952380952380820e-01
4.920634920634920362e-01
4.920634920634920362e-01
4.960317460317460458e-01
5.119047619047618625e-01
5.158730158730159276e-01
5.158730158730159276e-01
5.158730158730159276e-01
5.158730158730159276e-01
5.238095238095238360e-01
5.238095238095238360e-01
5.277777777777777901e-01
5.277777777777777901e-01
5.357142857142856984e-01
5.357142857142856984e-01
5.357142857142856984e-01
5.357142857142856984e-01
5.357142857142856984e-01
5.357142857142856984e-01
5.357142857142856984e-01
5.396825396825396526e-01
5.396825396825396526e-01
5.515873015873016261e-01
5.555555555555555802e-01
5.555555555555555802e-01
5.555555555555555802e-01
5.595238095238095344e-01
5.595238095238095344e-01
5.595238095238095344e-01
5.595238095238095344e-01
5.634920634920634885e-01
5.634920634920634885e-01
5.674603174603174427e-01
5.674603174603174427e-01
5.793650793650794162e-01
5.793650793650794162e-01
5.833333333333333703e-01
5.833333333333333703e-01
5.912698412698412787e-01
5.912698412698412787e-01
5.912698412698412787e-01
5.912698412698412787e-01
5.912698412698412787e-01
5.952380952380952328e-01
5.952380952380952328e-01
5.952380952380952328e-01
5.992063492063491870e-01
5.992063492063491870e-01
6.031746031746031411e-01
6.031746031746031411e-01
6.031746031746031411e-01
6.031746031746031411e-01
6.111111111111111605e-01
6.111111111111111605e-01
6.269841269841269771e-01
6.269841269841269771e-01
6.309523809523809312e-01
6.309523809523809312e-01
6.388888888888888395e-01
6.388888888888888395e-01
6.388888888888888395e-01
6.587301587301587213e-01
6.746031746031746490e-01
6.746031746031746490e-01
6.746031746031746490e-01
6.785714285714286031e-01
6.785714285714286031e-01
6.865079365079365115e-01
6.865079365079365115e-01
6.865079365079365115e-01
6.865079365079365115e-01
6.904761904761904656e-01
6.944444444444444198e-01
6.984126984126983739e-01
6.984126984126983739e-01
6.984126984126983739e-01
6.984126984126983739e-01
7.023809523809523281e-01
7.063492063492063933e-01
7.063492063492063933e-01
7.103174603174603474e-01
7.142857142857143016e-01
7.142857142857143016e-01
7.142857142857143016e-01
7.182539682539682557e-01
7.182539682539682557e-01
7.182539682539682557e-01
7.182539682539682557e-01
7.182539682539682557e-01
7.182539682539682557e-01
7.182539682539682557e-01
7.222222222222222099e-01
7.222222222222222099e-01
7.261904761904761640e-01
7.261904761904761640e-01
7.341269841269840724e-01
7.341269841269840724e-01
7.420634920634920917e-01
7.460317460317460458e-01
7.460317460317460458e-01
7.460317460317460458e-01
7.460317460317460458e-01
7.500000000000000000e-01
7.500000000000000000e-01
7.539682539682539542e-01
7.539682539682539542e-01
7.539682539682539542e-01
7.539682539682539542e-01
7.539682539682539542e-01
7.658730158730159276e-01
7.658730158730159276e-01
7.698412698412698818e-01
7.698412698412698818e-01
7.777777777777777901e-01
7.777777777777777901e-01
7.777777777777777901e-01
7.817460317460317443e-01
7.976190476190476719e-01
7.976190476190476719e-01
8.015873015873016261e-01
8.174603174603174427e-01
8.174603174603174427e-01
8.174603174603174427e-01
8.174603174603174427e-01
8.174603174603174427e-01
8.293650793650794162e-01
8.293650793650794162e-01
8.373015873015873245e-01
8.452380952380952328e-01
8.452380952380952328e-01
8.849206349206348854e-01
8.849206349206348854e-01
8.849206349206348854e-01
8.928571428571429047e-01
9.246031746031746490e-01
9.404761904761904656e-01
9.920634920634920917e-01
1.000000000000000000e+00
1.787601709365844727e+00
7.876016497611999512e-01
7.209143042564392090e-01
7.141122817993164062e-01
7.079747915267944336e-01
7.041121721267700195e-01
6.982902884483337402e-01
6.651651859283447266e-01
6.559457182884216309e-01
6.302142143249511719e-01
6.296596527099609375e-01
6.268903613090515137e-01
6.241279840469360352e-01
6.085323691368103027e-01
6.074451804161071777e-01
5.977889895439147949e-01
5.892774462699890137e-01
5.863541960716247559e-01
5.816720724105834961e-01
5.803875327110290527e-01
5.756440162658691406e-01
5.752702355384826660e-01
5.729054212570190430e-01
5.639293193817138672e-01
5.582916140556335449e-01
5.487112998962402344e-01
5.432212352752685547e-01
5.426754951477050781e-01
5.402814149856567383e-01
5.391162633895874023e-01
5.385311841964721680e-01
5.384482145309448242e-01
5.345903038978576660e-01
5.322492122650146484e-01
5.321760177612304688e-01
5.283647775650024414e-01
5.262941122055053711e-01
5.233921408653259277e-01
5.210825800895690918e-01
5.196741223335266113e-01
5.189161300659179688e-01
5.140535235404968262e-01
5.081690549850463867e-01
5.030958056449890137e-01
5.013921856880187988e-01
4.992747008800506592e-01
4.985436499118804932e-01
4.968277215957641602e-01
4.927201569080352783e-01
4.927073717117309570e-01
4.869561195373535156e-01
4.829031825065612793e-01
4.792137444019317627e-01
4.789868593215942383e-01
4.786190092563629150e-01
4.666199684143066406e-01
4.650701582431793213e-01
4.608246088027954102e-01
4.607614278793334961e-01
4.592746794223785400e-01
4.547023773193359375e-01
4.498364031314849854e-01
4.480111896991729736e-01
4.473560750484466553e-01
4.409758746623992920e-01
4.406509101390838623e-01
4.399801492691040039e-01
4.398756325244903564e-01
4.366046488285064697e-01
4.340172111988067627e-01
4.335667490959167480e-01
4.322698414325714111e-01
4.321631491184234619e-01
4.287797808647155762e-01
4.281978905200958252e-01
4.259443581104278564e-01
4.250403344631195068e-01
4.236736595630645752e-01
4.228917658329010010e-01
4.189500212669372559e-01
4.148604273796081543e-01
4.137216210365295410e-01
4.112004637718200684e-01
4.101615548133850098e-01
4.076846837997436523e-01
4.048190116882324219e-01
4.041855633258819580e-01
4.014940261840820312e-01
4.007218182086944580e-01
3.990871012210845947e-01
3.966730237007141113e-01
3.954203128814697266e-01
3.898890018463134766e-01
3.888552784919738770e-01
3.880489170551300049e-01
3.859160542488098145e-01
3.855997920036315918e-01
3.842490315437316895e-01
3.841290175914764404e-01
3.834457993507385254e-01
3.821920752525329590e-01
3.806785345077514648e-01
3.795397877693176270e-01
3.715744316577911377e-01
3.685702383518218994e-01
3.660218119621276855e-01
3.626182675361633301e-01
3.603500723838806152e-01
3.599494099617004395e-01
3.571938872337341309e-01
3.563883900642395020e-01
3.517383337020874023e-01
3.515445291996002197e-01
3.515355885028839111e-01
3.512182831764221191e-01
3.510659039020538330e-01
3.507378399372100830e-01
3.504860401153564453e-01
3.500917553901672363e-01
3.490115404129028320e-01
3.481360971927642822e-01
3.467131555080413818e-01
3.454818129539489746e-01
3.452908098697662354e-01
3.433044254779815674e-01
3.423827588558197021e-01
3.412397503852844238e-01
3.411045074462890625e-01
3.409536778926849365e-01
3.400983214378356934e-01
3.361914157867431641e-01
3.355791866779327393e-01
3.345237672328948975e-01
3.342052400112152100e-01
3.314225673675537109e-01
3.303151130676269531e-01
3.290882110595703125e-01
3.276052772998809814e-01
3.262756466865539551e-01
3.262348473072052002e-01
3.261953890323638916e-01
3.255527913570404053e-01
3.241842687129974365e-01
3.241483867168426514e-01
3.236970007419586182e-01
3.217957317829132080e-01
3.213305771350860596e-01
3.211825191974639893e-01
3.210986554622650146e-01
3.196152448654174805e-01
3.186156451702117920e-01
3.185562193393707275e-01
3.177455961704254150e-01
3.151407241821289062e-01
3.139166533946990967e-01
3.132074177265167236e-01
3.121173381805419922e-01
3.112467229366302490e-01
3.109877705574035645e-01
3.108946382999420166e-01
3.085646033287048340e-01
3.076440989971160889e-01
3.073393106460571289e-01
3.032796382904052734e-01
3.024160265922546387e-01
3.023190200328826904e-01
3.013841807842254639e-01
3.008841872215270996e-01
3.004184067249298096e-01
3.003136813640594482e-01
3.000395894050598145e-01
2.998499572277069092e-01
2.994653284549713135e-01
2.994088530540466309e-01
2.969755232334136963e-01
2.967633008956909180e-01
2.955496311187744141e-01
2.954065501689910889e-01
2.953076362609863281e-01
2.946512401103973389e-01
2.945328950881958008e-01
2.944368720054626465e-01
2.942725419998168945e-01
2.932776212692260742e-01
2.892326116561889648e-01
2.891551256179809570e-01
2.884408533573150635e-01
2.857406139373779297e-01
2.855202853679656982e-01
2.855061292648315430e-01
2.844910025596618652e-01
2.833935320377349854e-01
2.829681336879730225e-01
2.819206714630126953e-01
2.817924320697784424e-01
2.806068062782287598e-01
2.805969715118408203e-01
2.805438637733459473e-01
2.797849476337432861e-01
2.788133025169372559e-01
2.784659266471862793e-01
2.770112156867980957e-01
2.767884731292724609e-01
2.763802409172058105e-01
2.744259238243103027e-01
2.738942205905914307e-01
2.738366425037384033e-01
2.738113701343536377e-01
2.737372219562530518e-01
2.725895047187805176e-01
2.714219689369201660e-01
2.709937691688537598e-01
2.701728641986846924e-01
2.694397866725921631e-01
2.678280770778656006e-01
2.664280235767364502e-01
2.657968699932098389e-01
2.639700770378112793e-01
2.636920511722564697e-01
2.635728418827056885e-01
2.630086541175842285e-01
2.629671394824981689e-01
2.615129351615905762e-01
2.600883841514587402e-01
2.576890587806701660e-01
2.541280090808868408e-01
2.534093856811523438e-01
2.516068816184997559e-01
2.491285949945449829e-01
2.464427947998046875e-01
2.458622604608535767e-01
2.424850910902023315e-01
2.402633428573608398e-01
2.381709665060043335e-01
2.381678819656372070e-01
2.360079437494277954e-01
2.359724193811416626e-01
2.358711957931518555e-01
2.353285402059555054e-01
2.335624396800994873e-01
2.316684275865554810e-01
2.312843054533004761e-01
2.277119606733322144e-01
2.275793403387069702e-01
2.266906052827835083e-01
2.249011546373367310e-01
2.237138748168945312e-01
2.212495654821395874e-01
2.208253592252731323e-01
2.207461893558502197e-01
2.206993848085403442e-01
2.206724733114242554e-01
2.186023890972137451e-01
2.171426266431808472e-01
2.149431258440017700e-01
2.116013914346694946e-01
2.110174298286437988e-01
2.062101662158966064e-01
2.050409615039825439e-01
2.048077583312988281e-01
2.040934115648269653e-01
2.020292729139328003e-01
2.005168050527572632e-01
1.963058859109878540e-01
1.954302489757537842e-01
1.928247213363647461e-01
1.908887922763824463e-01
1.837769895792007446e-01
1.775733530521392822e-01
1.753757745027542114e-01
1.696591377258300781e-01
1.672571748495101929e-01
1.546906083822250366e-01
1.519972532987594604e-01
1.163324490189552307e-01
7.346995174884796143e-02
6.711092591285705566e-02
